T= 2N= 1000000 finished in 0.288621 seconds (wall clock).
T= 2N= 10000000 finished in 7.07652 seconds (wall clock).
T= 2N= 100000000 finished in 176.91 seconds (wall clock).
