T= 16N= 1000000 finished in 0.071452 seconds (wall clock).
T= 16N= 10000000 finished in 1.52152 seconds (wall clock).
T= 16N= 100000000 finished in 36.0618 seconds (wall clock).
