T= 8N= 1000000 finished in 0.102808 seconds (wall clock).
T= 8N= 10000000 finished in 2.35068 seconds (wall clock).
T= 8N= 100000000 finished in 54.7467 seconds (wall clock).
